27  19
49  19
64  19
76  19
87  19
99  19
112  19
129  19
161  13
183  13
197  13
209  13
220  13
232  13
246  13
266  13
293  7
315  7
329  7
342  7
353  7
366  7
379  7
396  7
428  1
449  1
464  1
476  1
488  1
500  1
513  1
531  1
1027  19
1027  20
1047  19
1050  20
1061  19
1065  20
1074  19
1077  20
1085  19
1089  20
1097  19
1101  20
1110  19
1116  20
1128  19
1159  13
1160  14
1180  13
1182  14
1194  13
1196  14
1206  13
1208  14
1218  13
1221  14
1230  13
1234  14
1244  13
1249  14
1262  13
1291  7
1291  8
1313  7
1315  8
1328  7
1329  8
1340  7
1342  8
1351  7
1354  8
1363  7
1367  8
1375  7
1382  8
1393  7
1426  1
1426  2
1447  1
1449  2
1461  1
1464  2
1472  1
1476  2
1484  1
1487  2
1495  1
1500  2
1508  1
1516  2
1526  1
2023  19
2044  19
2059  19
2071  19
2082  19
2093  19
2105  19
2121  19
2157  13
2170  19
2180  13
2193  19
2194  13
2206  13
2209  19
2217  13
2223  19
2228  13
2239  19
2242  13
2260  13
2290  7
2309  13
2313  7
2327  7
2330  13
2338  7
2344  13
2350  7
2358  13
2361  7
2374  7
2375  13
2393  7
2422  1
2442  7
2444  1
2459  1
2462  7
2471  1
2476  7
2482  1
2490  7
2494  1
2505  7
2507  1
2526  1
2574  1
2595  1
2609  1
2623  1
2640  1
3022  19
3044  19
3058  19
3070  19
3081  19
3093  19
3106  19
3123  19
3148  20
3157  13
3169  20
3172  19
3178  13
3184  20
3192  13
3193  19
3198  20
3204  13
3207  19
3210  20
3215  13
3221  19
3222  20
3227  13
3237  19
3237  20
3240  13
3259  13
3282  14
3289  7
3304  14
3308  13
3310  7
3318  14
3325  7
3328  13
3331  14
3338  7
3342  13
3342  14
3348  7
3355  14
3356  13
3360  7
3370  14
3372  13
3373  7
3391  7
3415  8
3422  1
3437  8
3440  7
3444  1
3451  8
3458  1
3461  7
3463  8
3470  1
3475  7
3475  8
3481  1
3488  8
3489  7
3492  1
3504  8
3505  1
3505  7
3523  1
3549  2
3571  2
3572  1
3587  2
3592  1
3599  2
3607  1
3612  2
3620  1
3624  2
3635  1
3640  2
3664  1
4022  19
4042  19
4057  19
4068  19
4080  19
4092  19
4105  19
4123  19
4146  20
4152  13
4169  20
4174  13
4184  20
4189  13
4196  20
4201  13
4209  20
4213  13
4222  20
4224  13
4237  13
4238  20
4256  13
4282  14
4286  7
4303  14
4307  7
4317  14
4321  7
4330  14
4333  7
4342  14
4344  7
4355  14
4356  7
4369  7
4371  14
4387  7
4414  8
4419  1
4436  8
4442  1
4450  8
4456  1
4463  8
4468  1
4475  8
4480  1
4487  8
4491  1
4503  8
4504  1
4523  1
4548  2
4569  2
4583  2
4596  2
4607  2
4620  2
4635  2
5019  19
5019  20
5040  19
5043  20
5053  19
5056  20
5065  19
5069  20
5077  19
5081  20
5089  19
5093  20
5102  19
5108  20
5120  19
5139  20
5151  13
5152  14
5166  19
5171  13
5174  14
5186  13
5188  19
5190  14
5198  13
5202  14
5203  19
5210  13
5214  14
5216  19
5221  13
5226  14
5232  19
5234  13
5241  14
5251  13
5284  7
5286  8
5301  13
5306  7
5309  8
5321  7
5323  8
5323  13
5333  7
5336  8
5338  13
5344  7
5348  8
5352  13
5356  7
5360  8
5368  13
5369  7
5377  8
5388  7
5419  1
5419  2
5438  7
5441  1
5442  2
5454  1
5456  2
5457  7
5467  1
5469  2
5471  7
5478  1
5481  2
5485  7
5489  1
5493  2
5501  7
5502  1
5508  2
5520  1
5568  1
5590  1
5604  1
5618  1
5634  1
6017  19
6017  20
6037  19
6040  20
6051  19
6055  20
6064  19
6067  20
6076  19
6079  20
6087  19
6092  20
6100  19
6106  20
6119  19
6136  20
6150  13
6150  14
6166  19
6171  13
6174  14
6178  20
6186  13
6188  14
6188  19
6196  20
6197  13
6201  14
6202  19
6208  13
6211  20
6212  14
6216  19
6220  13
6224  14
6227  20
6232  19
6234  13
6240  14
6253  13
6253  20
6272  14
6284  7
6285  8
6301  13
6304  7
6305  8
6310  14
6318  7
6320  8
6321  13
6328  14
6332  7
6333  8
6336  13
6343  7
6343  14
6345  8
6350  13
6354  7
6358  8
6359  14
6366  13
6367  7
6372  8
6386  7
6387  14
6398  8
6417  1
6417  2
6434  7
6438  1
6438  2
6441  8
6452  1
6453  2
6455  7
6460  8
6464  1
6466  2
6469  7
6475  1
6475  8
6478  2
6482  7
6487  1
6490  2
6491  8
6498  7
6500  1
6506  2
6512  8
6520  1
6537  2
6565  1
6577  2
6587  1
6594  2
6602  1
6609  2
6615  1
6624  2
6630  1
6645  2
7015  20
7016  19
7037  19
7038  20
7051  19
7052  20
7062  19
7065  20
7073  19
7077  20
7085  19
7090  20
7099  19
7106  20
7119  19
7141  20
7145  13
7148  14
7168  13
7170  14
7177  20
7184  13
7184  14
7194  20
7196  13
7198  14
7207  13
7209  14
7209  20
7219  13
7222  14
7225  20
7232  13
7237  14
7251  13
7275  14
7281  8
7282  7
7303  7
7305  8
7310  14
7317  7
7319  8
7327  14
7329  7
7331  8
7340  7
7341  14
7343  8
7352  7
7356  8
7357  14
7365  7
7372  8
7382  14
7383  7
7401  8
7414  1
7414  2
7436  1
7437  2
7442  8
7449  1
7452  2
7460  8
7461  1
7465  2
7473  1
7475  8
7477  2
7485  1
7490  2
7490  8
7497  1
7506  2
7514  8
7515  1
7535  2
7575  2
7592  2
7606  2
7621  2
7645  2
8013  20
8037  20
8051  20
8064  20
8075  20
8088  20
8103  20
8136  19
8145  14
8158  19
8167  14
8173  19
8183  14
8184  19
8195  14
8196  19
8207  14
8208  19
8220  14
8221  19
8236  14
8240  19
8270  13
8281  8
8292  13
8303  8
8306  13
8318  8
8318  13
8329  13
8330  8
8341  8
8341  13
8354  8
8354  13
8370  8
8373  13
8403  7
8411  2
8424  7
8436  2
8438  7
8450  2
8451  7
8462  2
8462  7
8474  2
8474  7
8486  2
8487  7
8501  2
8505  7
8536  1
8558  1
8573  1
8585  1
8596  1
8608  1
8622  1
8641  1
9014  20
9035  20
9049  20
9061  20
9073  20
9085  20
9099  20
9133  20
9134  19
9143  14
9158  19
9166  14
9172  19
9172  20
9182  14
9183  19
9189  20
9194  14
9194  19
9204  20
9205  19
9206  14
9218  14
9218  19
9218  20
9233  14
9235  19
9243  20
9269  13
9271  14
9278  8
9291  13
9301  8
9305  13
9306  14
9315  8
9317  13
9323  14
9328  8
9329  13
9337  14
9340  8
9340  13
9352  8
9352  14
9353  13
9367  8
9371  13
9376  14
9401  7
9404  8
9411  2
9423  7
9435  2
9438  7
9439  8
9449  2
9450  7
9456  8
9461  2
9462  7
9470  8
9473  2
9473  7
9485  2
9486  7
9486  8
9500  2
9505  7
9510  8
9532  2
9534  1
9555  1
9571  1
9572  2
9583  1
9589  2
9594  1
9604  2
9606  1
9619  1
9620  2
9637  1
9649  2
10007  19
10012  21
10029  19
10033  21
10044  19
10049  21
10056  19
10062  21
10068  19
10077  21
10080  19
10092  21
10094  19
10118  19
10118  21
10143  13
10145  15
10163  13
10168  15
10177  13
10183  15
10188  13
10196  15
10200  13
10209  15
10211  13
10224  13
10224  15
10242  13
10246  15
10276  7
10279  9
10298  7
10301  9
10311  7
10316  9
10323  7
10330  9
10335  7
10343  9
10346  7
10359  9
10360  7
10379  7
10382  9
10409  1
10409  3
10430  1
10433  3
10445  1
10450  3
10457  1
10463  3
10469  1
10477  3
10480  1
10493  3
10494  1
10515  1
10519  3
11005  19
11007  20
11008  21
11028  19
11028  20
11032  21
11042  19
11043  20
11047  21
11054  19
11056  20
11060  21
11065  19
11069  20
11074  21
11076  19
11082  20
11089  19
11089  21
11097  20
11107  19
11113  21
11139  13
11139  14
11140  15
11161  13
11162  14
11164  15
11175  13
11176  14
11181  15
11187  13
11189  14
11195  15
11198  13
11201  14
11208  15
11210  13
11213  14
11223  13
11223  15
11229  14
11243  13
11248  15
11272  7
11272  8
11276  9
11293  7
11295  8
11299  9
11308  7
11310  8
11315  9
11321  7
11322  8
11328  9
11332  7
11335  8
11341  9
11344  7
11347  8
11355  9
11358  7
11363  8
11376  7
11379  9
11406  1
11406  2
11407  3
11427  1
11429  2
11432  3
11441  1
11444  2
11447  3
11453  1
11457  2
11461  3
11464  1
11469  2
11474  3
11475  1
11481  2
11488  1
11489  3
11496  2
11506  1
11515  3
12004  19
12007  21
12027  19
12030  21
12040  19
12046  21
12053  19
12059  21
12065  19
12073  21
12076  19
12088  21
12089  19
12109  19
12111  21
12136  13
12142  15
12154  19
12157  13
12163  15
12171  13
12175  19
12179  15
12184  13
12190  19
12193  15
12196  13
12204  19
12206  15
12207  13
12219  19
12220  13
12222  15
12239  13
12249  15
12270  7
12274  9
12285  13
12292  7
12297  9
12306  7
12308  13
12312  9
12318  7
12322  13
12326  9
12330  7
12335  13
12340  9
12341  7
12350  13
12354  7
12356  9
12373  7
12381  9
12405  1
12409  3
12422  7
12427  1
12430  3
12441  1
12442  7
12446  3
12453  1
12455  7
12459  3
12464  1
12469  7
12472  3
12475  1
12484  7
12487  3
12488  1
12507  1
12511  3
12554  1
12575  1
12590  1
12604  1
12622  1
13000  19
13006  21
13022  19
13028  21
13037  19
13044  21
13049  19
13058  21
13060  19
13071  19
13071  21
13083  19
13086  21
13101  19
13112  21
13126  20
13135  13
13139  15
13146  19
13150  20
13155  13
13160  15
13165  20
13169  13
13171  19
13177  15
13177  20
13181  13
13186  19
13189  20
13190  15
13193  13
13199  19
13202  20
13204  15
13205  13
13215  19
13218  13
13219  20
13220  15
13235  13
13245  15
13247  19
13261  14
13267  7
13269  9
13283  13
13284  14
13288  7
13294  9
13297  14
13304  7
13305  13
13309  9
13310  14
13316  7
13320  13
13322  9
13323  14
13327  7
13334  13
13335  14
13336  9
13339  7
13350  13
13350  14
13351  9
13352  7
13370  7
13375  9
13396  8
13402  1
13405  3
13415  7
13417  8
13422  1
13428  3
13433  8
13438  1
13438  7
13443  3
13444  8
13450  1
13453  7
13456  3
13456  8
13461  1
13467  7
13468  8
13470  3
13473  1
13483  7
13484  8
13485  3
13486  1
13504  1
13508  3
13526  2
13549  2
13551  1
13564  2
13572  1
13577  2
13587  1
13589  2
13600  1
13601  2
13616  1
13616  2
13999  19
14003  21
14021  19
14027  21
14035  19
14042  21
14046  19
14055  21
14058  19
14068  21
14070  19
14083  19
14083  21
14101  19
14104  21
14125  20
14133  13
14136  15
14147  20
14156  13
14159  15
14163  20
14170  13
14174  15
14176  20
14182  13
14187  15
14188  20
14193  13
14200  15
14201  20
14204  13
14215  15
14217  13
14217  20
14237  13
14239  15
14256  14
14268  7
14268  9
14280  14
14288  7
14293  9
14297  14
14302  7
14308  9
14309  14
14315  7
14321  9
14321  14
14327  7
14333  14
14335  9
14339  7
14348  14
14350  9
14352  7
14371  7
14371  9
14393  8
14400  1
14403  3
14415  8
14422  1
14426  3
14429  8
14437  1
14441  3
14442  8
14448  1
14454  3
14454  8
14459  1
14467  3
14467  8
14470  1
14482  3
14483  1
14483  8
14502  1
14505  3
14524  2
14548  2
14563  2
14574  2
14586  2
14599  2
14614  2
14648  2
14999  19
15001  20
15003  21
15020  19
15022  20
15026  21
15034  19
15036  20
15040  21
15046  19
15048  20
15054  21
15057  19
15060  20
15067  21
15068  19
15073  20
15081  19
15082  21
15087  20
15101  19
15105  21
15130  14
15133  13
15136  15
15149  19
15153  13
15153  14
15158  15
15167  13
15168  14
15171  19
15172  15
15179  13
15181  14
15185  19
15186  15
15190  13
15193  14
15198  19
15199  15
15202  13
15205  14
15214  15
15214  19
15215  13
15220  14
15232  13
15234  15
15264  7
15265  8
15267  9
15280  13
15286  7
15288  8
15290  9
15301  7
15302  8
15302  13
15306  9
15313  7
15315  8
15316  13
15320  9
15324  7
15327  8
15330  13
15332  9
15335  7
15339  8
15346  13
15347  9
15349  7
15353  8
15367  9
15368  7
15398  1
15400  2
15400  3
15415  7
15420  1
15421  2
15422  3
15434  1
15435  7
15436  2
15439  3
15446  1
15449  2
15449  7
15452  3
15457  1
15461  2
15462  7
15465  3
15468  1
15473  2
15477  7
15479  3
15481  1
15490  2
15499  1
15500  7
15503  3
15545  1
15569  1
15583  1
15597  1
15614  1
15995  19
15997  20
16001  21
16017  19
16019  20
16024  21
16031  19
16034  20
16039  21
16044  19
16046  20
16053  21
16055  19
16059  20
16065  21
16067  19
16071  20
16080  19
16080  21
16087  20
16099  19
16106  21
16120  20
16128  13
16130  14
16132  15
16147  19
16152  13
16152  14
16154  15
16159  20
16165  13
16166  19
16167  14
16170  15
16176  20
16177  13
16179  14
16180  19
16184  15
16188  13
16190  20
16192  14
16194  19
16197  15
16200  13
16205  14
16206  20
16210  19
16212  15
16213  13
16220  14
16231  20
16232  13
16235  15
16248  14
16263  7
16263  8
16268  9
16280  13
16284  8
16286  7
16289  9
16290  14
16299  7
16299  8
16300  13
16305  9
16308  14
16312  7
16312  8
16315  13
16319  9
16323  7
16323  14
16324  8
16328  13
16331  9
16334  7
16336  8
16338  14
16344  13
16346  9
16347  7
16350  8
16363  14
16367  7
16369  9
16376  8
16394  2
16398  1
16400  3
16412  7
16418  1
16419  2
16421  8
16423  3
16432  1
16433  2
16434  7
16438  3
16440  8
16444  1
16445  2
16449  7
16451  3
16455  8
16456  1
16457  2
16463  7
16464  3
16467  1
16470  2
16470  8
16479  7
16480  1
16480  3
16484  2
16494  8
16501  1
16506  3
16508  2
16548  1
16554  2
16569  1
16573  2
16583  1
16587  2
16597  1
16602  2
16613  1
16624  2
16991  19
16994  20
16999  21
17013  19
17017  20
17020  21
17028  19
17032  20
17036  21
17040  19
17045  20
17050  21
17052  19
17056  20
17063  19
17064  21
17069  20
17076  19
17079  21
17085  20
17094  19
17115  20
17118  21
17126  13
17129  14
17131  15
17149  13
17150  14
17153  15
17155  20
17163  13
17165  14
17169  15
17173  20
17175  13
17178  14
17182  15
17186  13
17188  20
17190  14
17196  15
17197  13
17202  14
17204  20
17210  13
17212  15
17217  14
17226  13
17229  20
17236  15
17260  7
17262  8
17262  14
17264  9
17282  7
17284  8
17286  9
17293  14
17296  7
17299  8
17301  9
17308  7
17309  14
17311  8
17315  9
17321  7
17323  8
17323  14
17328  9
17332  7
17336  8
17339  14
17343  9
17344  7
17352  8
17364  7
17364  9
17390  8
17392  1
17395  2
17397  3
17415  1
17418  2
17420  3
17424  8
17429  1
17432  2
17435  3
17441  1
17442  8
17446  2
17449  3
17452  1
17456  8
17458  2
17463  1
17463  3
17471  2
17472  8
17476  1
17477  3
17487  2
17493  1
17500  3
17519  2
17557  2
17575  2
17588  2
17604  2
17628  2
17993  20
17993  21
18016  20
18017  21
18031  20
18031  21
18043  20
18046  21
18054  20
18060  21
18066  20
18075  21
18081  20
18097  21
18116  19
18126  14
18129  15
18138  19
18149  14
18152  19
18153  15
18162  14
18164  19
18168  15
18175  14
18175  19
18181  15
18187  14
18187  19
18193  15
18199  14
18200  19
18209  15
18214  14
18218  19
18233  15
18244  14
18251  13
18261  8
18261  9
18273  13
18283  8
18285  9
18287  13
18297  8
18299  13
18301  9
18310  8
18310  13
18314  9
18321  8
18322  13
18328  9
18333  8
18337  13
18343  9
18348  8
18357  13
18369  9
18383  7
18394  2
18397  3
18406  7
18415  2
18419  3
18421  7
18429  2
18432  7
18434  3
18441  2
18443  7
18447  3
18453  2
18454  7
18460  3
18466  2
18467  7
18476  3
18481  2
18484  7
18507  3
18518  1
18540  1
18554  1
18565  1
18577  1
18588  1
18601  1
18620  1
18990  20
18993  21
19013  20
19016  21
19028  20
19032  21
19041  20
19046  21
19053  20
19059  21
19065  20
19074  21
19080  20
19097  21
19109  20
19113  19
19122  14
19128  15
19135  19
19147  14
19150  15
19150  19
19152  20
19161  14
19163  19
19165  15
19169  20
19173  14
19174  19
19179  15
19184  20
19185  14
19185  19
19193  15
19196  14
19198  19
19199  20
19208  15
19210  14
19217  19
19223  20
19234  14
19234  15
19248  13
19259  8
19259  9
19269  13
19279  14
19281  8
19282  9
19283  13
19294  8
19296  13
19297  9
19301  14
19306  8
19307  13
19310  9
19316  14
19318  8
19319  13
19323  9
19331  8
19331  14
19332  13
19338  9
19347  8
19352  13
19353  14
19359  9
19375  8
19379  7
19391  3
19392  2
19403  7
19414  2
19416  3
19417  7
19418  8
19428  2
19429  7
19432  3
19435  8
19441  2
19441  7
19446  3
19449  8
19452  2
19453  7
19460  3
19465  2
19465  8
19467  7
19475  3
19480  2
19485  7
19489  8
19499  3
19509  2
19513  1
19535  1
19550  1
19551  2
19562  1
19569  2
19573  1
19584  2
19585  1
19598  1
19600  2
19617  1
19628  2
19990  19
19990  21
20011  19
20014  21
20025  19
20029  21
20037  19
20043  21
20049  19
20056  21
20061  19
20072  21
20075  19
20095  19
20097  21
20118  13
20123  15
20142  13
20146  15
20147  21
20157  13
20161  15
20167  21
20168  13
20175  15
20180  13
20183  21
20188  15
20193  13
20201  21
20203  15
20207  13
20227  13
20227  15
20255  7
20257  9
20276  7
20280  9
20280  15
20291  7
20296  9
20300  15
20303  7
20310  9
20314  7
20316  15
20322  9
20325  7
20333  15
20337  9
20338  7
20355  7
20359  9
20386  1
20391  3
20408  1
20411  9
20415  3
20422  1
20430  3
20432  9
20435  1
20444  3
20447  1
20447  9
20457  3
20459  1
20465  9
20472  1
20473  3
20491  1
20498  3
20547  3
20567  3
20583  3
20602  3
20985  20
20986  19
20990  21
21008  19
21009  20
21011  21
21021  19
21023  20
21027  21
21033  19
21036  20
21041  21
21044  19
21048  20
21055  21
21056  19
21061  20
21070  21
21071  19
21077  20
21090  19
21094  21
21118  13
21119  14
21120  15
21140  13
21141  14
21143  21
21145  15
21154  13
21157  14
21160  15
21164  21
21166  13
21169  14
21174  15
21179  13
21180  21
21181  14
21187  15
21190  13
21194  14
21197  21
21202  15
21203  13
21208  14
21222  13
21225  15
21253  8
21255  7
21255  9
21275  7
21276  8
21278  15
21280  9
21290  7
21290  8
21294  9
21299  15
21301  7
21303  8
21308  9
21312  7
21315  15
21316  8
21321  9
21324  7
21329  8
21334  15
21336  9
21337  7
21344  8
21356  7
21358  9
21384  1
21388  2
21390  3
21407  1
21409  2
21410  9
21414  3
21422  1
21425  2
21430  3
21430  9
21434  1
21437  2
21443  3
21445  1
21446  9
21449  2
21456  1
21456  3
21461  2
21463  9
21468  1
21471  3
21476  2
21485  1
21498  3
21546  3
21566  3
21583  3
21601  3
21988  20
22009  20
22023  20
22035  20
22047  20
22060  20
22076  20
22109  19
22111  21
22112  20
22118  14
22130  19
22134  21
22141  14
22144  19
22147  20
22149  21
22156  14
22157  19
22163  21
22165  20
22168  19
22169  14
22177  21
22179  20
22180  14
22180  19
22192  21
22193  14
22194  19
22195  20
22208  14
22212  21
22214  19
22236  14
22243  13
22245  15
22253  8
22264  13
22268  15
22275  8
22278  14
22279  13
22283  15
22290  8
22291  13
22296  14
22296  15
22302  8
22303  13
22309  15
22310  14
22314  8
22315  13
22323  15
22325  14
22327  8
22328  13
22344  8
22344  15
22345  14
22348  13
22375  7
22378  8
22380  9
22386  2
22398  7
22403  9
22408  2
22412  7
22413  8
22417  9
22422  2
22424  7
22430  8
22430  9
22434  2
22435  7
22444  9
22445  8
22446  7
22447  2
22459  2
22459  7
22459  9
22462  8
22474  2
22478  7
22482  9
22496  8
22501  2
22508  1
22513  3
22531  1
22537  3
22543  2
22545  1
22551  3
22557  1
22562  2
22564  3
22568  1
22576  2
22578  3
22580  1
22592  1
22592  2
22593  3
22612  1
22616  2
22622  3
22983  19
22985  21
23004  19
23007  21
23018  19
23023  21
23030  19
23037  21
23041  19
23050  21
23053  19
23065  21
23067  19
23086  21
23088  19
23115  13
23119  15
23134  19
23138  13
23139  21
23142  15
23152  13
23154  19
23158  15
23159  21
23164  13
23169  19
23172  15
23175  21
23176  13
23183  19
23186  15
23188  13
23193  21
23200  19
23201  13
23202  15
23219  13
23224  15
23251  7
23252  9
23265  13
23271  7
23274  9
23274  15
23285  7
23287  13
23290  9
23293  15
23298  7
23301  13
23303  9
23309  7
23310  15
23315  13
23317  9
23321  7
23328  15
23332  9
23332  13
23335  7
23355  7
23356  9
23383  1
23387  3
23401  7
23405  1
23408  9
23409  3
23418  1
23421  7
23424  3
23427  9
23430  1
23436  7
23437  3
23441  1
23444  9
23450  7
23451  3
23453  1
23462  9
23465  1
23465  7
23466  3
23483  1
23491  3
23531  1
23541  3
23552  1
23560  3
23566  1
23576  3
23580  1
23593  3
23597  1
23983  19
23983  21
24001  19
24006  21
24016  19
24021  21
24028  19
24034  21
24039  19
24047  21
24050  19
24063  21
24064  19
24082  19
24086  21
24104  20
24113  13
24118  15
24128  20
24130  19
24136  13
24137  21
24140  15
24143  20
24150  13
24151  19
24155  20
24156  15
24157  21
24162  13
24167  19
24168  20
24169  15
24173  13
24174  21
24181  19
24181  20
24182  15
24185  13
24191  21
24196  20
24197  19
24198  15
24199  13
24220  13
24220  15
24237  14
24246  7
24251  9
24261  14
24267  13
24269  7
24270  15
24273  9
24277  14
24283  7
24286  13
24288  9
24289  14
24292  15
24296  7
24300  13
24301  9
24301  14
24307  7
24308  15
24313  14
24314  9
24314  13
24318  7
24324  15
24328  14
24329  9
24329  13
24331  7
24350  7
24351  9
24369  8
24378  1
24384  3
24394  8
24396  7
24401  1
24405  9
24406  3
24409  8
24416  1
24417  7
24421  3
24421  8
24426  9
24428  1
24432  7
24433  8
24434  3
24440  1
24443  9
24445  8
24446  7
24448  3
24452  1
24459  8
24461  9
24462  7
24463  3
24465  1
24483  1
24484  8
24485  3
24503  2
24527  2
24531  1
24537  3
24541  2
24551  1
24554  2
24558  3
24565  2
24566  1
24575  3
24578  2
24579  1
24592  3
24593  2
24595  1
24618  2
24977  19
24981  21
25000  19
25002  21
25014  19
25020  21
25026  19
25033  21
25037  19
25047  21
25048  19
25062  19
25062  21
25081  19
25086  21
25104  20
25111  13
25115  15
25126  20
25132  13
25137  21
25138  15
25141  20
25147  13
25154  15
25154  20
25157  21
25159  13
25166  20
25167  15
25171  13
25173  21
25178  20
25181  15
25183  13
25191  21
25194  20
25197  13
25197  15
25216  13
25223  15
25234  14
25244  7
25248  9
25259  14
25266  7
25270  9
25271  15
25273  14
25280  7
25285  9
25286  14
25291  15
25292  7
25298  9
25298  14
25304  7
25306  15
25310  14
25312  9
25315  7
25324  15
25325  14
25327  9
25329  7
25348  9
25349  7
25356  14
25370  8
25378  1
25383  3
25392  8
25399  9
25401  1
25405  3
25407  8
25415  1
25420  3
25420  8
25421  9
25426  1
25433  8
25434  3
25437  1
25437  9
25446  3
25446  8
25449  1
25454  9
25461  3
25461  8
25464  1
25482  3
25484  1
25486  9
25503  2
25527  2
25534  3
25541  2
25554  2
25555  3
25566  2
25571  3
25578  2
25589  3
25593  2
